time,x,y,z,phi,theta,psi,x_velocity,y_velocity,z_velocity,phi_velocity,theta_velocity,psi_velocity,rotor_speed1,rotor_speed2,rotor_speed3,rotor_speed4
0.06,-5.71157536077e-07,1.02257065043e-07,10.0069812686,9.7416923591e-05,0.00041188737909,0.0,-4.734955064e-05,9.55731145446e-06,0.232689804876,0.00468796443993,0.0179191072377,0.0,476.62050179322654,477.98771798350606,476.8141875367661,477.1720976503051
0.12000000000000001,-1.48171781533e-05,3.44435434716e-06,10.0220729519,3.69818484174e-05,0.0012099231219,0.0,-0.000516384186261,0.000115381814011,0.270357721898,-0.0159466630758,0.0019346358846,0.0,417.2311598427136,415.83343135261845,417.80812939995917,416.0055359031618
0.18,-7.50987645561e-05,7.81526359528e-06,10.0444427589,6.28280880457,0.001306044939,0.0,-0.00150540553644,-4.5110391637e-05,0.475239175767,0.00687803882947,0.000928325395588,0.0,469.5445367522401,469.46644020898106,467.81228921744116,469.58598522867516
0.23999999999999996,-0.000196939158588,-1.46061523292e-06,10.0787136209,0.000395716652775,0.00186170856604,0.0,-0.00259549584906,-0.000193146238364,0.667030162551,0.0227542879145,0.0221676332428,0.0,463.79443561696206,465.4592568748994,465.50741386043086,466.7478037829037
0.3,-0.000397129436012,7.74569794801e-07,10.1222047166,0.00189232463346,0.00306598127192,0.0,-0.00420992550742,0.000417204413435,0.782600099616,0.0289965674057,0.015509305914,0.0,442.51346418818923,441.96507887306603,442.08150321385705,442.59558741187766
0.36000000000000004,-0.000714421901313,7.03159493863e-05,10.1714244227,0.00399466688886,0.00419159328246,0.0,-0.00646811467203,0.00209177881104,0.858001958884,0.0449900734003,0.0245764284702,0.0,429.1266405870314,429.895483119945,429.14335430281704,430.49915705101336
0.4200000000000001,-0.00120286880078,0.000296884816497,10.2276965335,0.00685243600922,0.00579530701775,0.0,-0.00998380114495,0.00576838395,1.01760397293,0.0524437013738,0.0307179269376,0.0,456.40453875252155,456.8945176941665,455.42534471595434,456.0223533629853
0.48000000000000015,-0.00193012331073,0.000799539149904,10.2920037154,0.0107740659567,0.00746851556553,0.0,-0.0144396167253,0.0113589827074,1.12586381232,0.0832671251563,0.0215205996521,0.0,440.6039295627254,439.8431842336884,439.65712990400004,442.20620865874025
0.5400000000000001,-0.00300374278194,0.00179573677537,10.3687973185,0.0157199318191,0.00848415919037,0.0,-0.021501046542,0.022503583966,1.43357966894,0.0807054415537,0.00563977406772,0.0,500.64428255621965,499.48749117746655,499.5323601885859,499.35024569487894
0.6000000000000002,-0.00448136501645,0.0035101660928,10.4590764837,0.0204128748143,0.00898092037113,0.0,-0.0277971506867,0.0351574201285,1.57553123156,0.0727062544183,0.013095396797,0.0,451.84202667304424,452.44251787994625,452.3240900855642,451.6842450820734
0.6600000000000003,-0.00634121024872,0.00606636240499,10.5569913343,0.0249641292549,0.00945797660712,0.0,-0.0342647121622,0.0505092398499,1.68812613822,0.0815020777397,-0.00509609457346,0.0,444.4028631660373,442.9092743722912,442.73751898824327,443.4650818639177
0.7200000000000003,-0.00863576801661,0.00975368890507,10.6660082224,0.0296422278182,0.00888457604649,0.0,-0.0421642070351,0.072991865887,1.94535252151,0.0697555826485,-0.0204398424941,0.0,487.94462869346705,486.7980277710146,487.0707000894064,486.1957153524121
0.7800000000000004,-0.0113793684586,0.0148830097377,10.7897151469,0.033839251953,0.00787443674019,0.0,-0.0491506188583,0.0984823876817,2.17778257388,0.07033702097,-0.010457960537,0.0,479.7617605710971,480.5191009703819,481.29152281864754,481.338842027094
0.8400000000000004,-0.0144967492675,0.021541135721,10.9243525194,0.0381957342306,0.00758774170699,0.0,-0.0547133503896,0.123904107487,2.30985464203,0.0767996442009,0.00467359583866,0.0,451.6478406068553,452.8666243595981,450.7666639683572,451.29257063426735
0.9000000000000005,-0.0179433213722,0.0298117568844,11.0666857153,0.0431320508627,0.00797383599744,0.0,-0.0602059024707,0.152278747389,2.43430539532,0.0914272872005,0.00974345111822,0.0,448.69226648404714,449.1035534381113,450.264250496554,451.45135577082624
0.9600000000000005,-0.021749263928,0.0400006360412,11.2188995585,0.0481228711123,0.0091452721366,0.0,-0.0667642533808,0.187957401719,2.63900671092,0.0565830179356,0.0341286003711,0.0,473.8392792160465,475.71010488861026,475.9094513722736,473.2397772799693
1.0200000000000005,-0.0260023894417,0.0525432530329,11.3854862976,0.0523510861287,0.0113492028304,0.0,-0.075272683646,0.230595067933,2.91319461593,0.0893089126762,0.0414870084637,0.0,494.4302198748708,494.9725000685518,495.3445346608944,497.7482187807299
1.0800000000000005,-0.0307751904256,0.0675321226427,11.564221912,0.0577500967226,0.014478379736,0.0,-0.084122473514,0.269587927096,3.04427749633,0.0912987692576,0.0677366246906,0.0,454.57519328085573,456.67540517392916,454.31570171915047,454.48179398908405
1.1400000000000006,-0.0361345596546,0.0849078431113,11.7496302712,0.063330799145,0.0190044464754,0.0,-0.0949558179831,0.310143681143,3.13570577809,0.0962323281349,0.0875508572144,0.0,442.81905356679573,444.4503838134902,443.1532797398566,443.56595170926397
1.2000000000000006,-0.0422770038859,0.104949841294,11.9423464124,0.0693161240206,0.0239070764646,0.0,-0.110345648602,0.358538694833,3.28767529603,0.106001179033,0.0662617130757,0.0,463.19966035179624,461.52737062746024,462.86432694628934,463.6405784160185
1.2600000000000007,-0.0494332523454,0.127991906875,12.1436198128,0.0759450567007,0.027890241942,0.0,-0.128612429516,0.410195281464,3.4209732534,0.118197484735,0.0666335724818,0.0,457.8092749750866,457.8419997044643,458.00689320449777,458.98620393806283
1.3200000000000007,-0.0577091684455,0.154109837751,12.3506861062,0.0825271538236,0.0318803432743,0.0,-0.147630630717,0.461052401099,3.48097480595,0.0815211127205,0.0662367420391,0.0,436.9868836279429,436.95717680131156,436.96684288321285,433.90872316188955
1.3800000000000008,-0.0672632911129,0.183549842606,12.5631509082,0.0872101278487,0.0358776780075,0.0,-0.171246942158,0.520748179778,3.60073839722,0.0700061034996,0.0673819425324,0.0,454.96208064834644,455.0569595278514,456.5231386199033,455.6080181004024
1.4400000000000008,-0.0783573952012,0.216757771278,12.7838109276,0.0914070242012,0.0396720826298,0.0,-0.198971562548,0.586593813034,3.7540224026,0.0698324206488,0.0533106826456,0.0,466.92078249226984,465.82433192222305,466.9496998813168,466.9396188553394
1.5000000000000009,-0.0913518997336,0.25436385328,13.0174944457,0.0957502517743,0.0430287080428,0.0,-0.234562969738,0.667395340493,4.03437892506,0.077058760717,0.060747110179,0.0,504.45311822672966,504.99154254163255,504.08741849239414,504.6127167734387
1.560000000000001,-0.106487740735,0.296745827911,13.2660617907,0.100438497512,0.0461659759828,0.0,-0.270348356508,0.745806299245,4.25030980316,0.0802107220633,0.0243186941885,0.0,489.4458615398461,486.7283011376897,488.50058621977746,488.73983663923207
1.620000000000001,-0.123705319787,0.343659196891,13.5247580048,0.10500880011,0.0474081477217,0.0,-0.303692382173,0.818411280756,4.3723406239,0.0665420105535,0.0122601399274,0.0,463.2696957609651,462.3204506330211,462.4404680256471,461.3667096574203
1.680000000000001,-0.142942797244,0.39501026188,13.7906552627,0.108972222829,0.0485597576265,0.0,-0.337635946069,0.893646838921,4.49035170794,0.0650695304837,0.0303364643347,0.0,461.2508254892722,462.67626641016636,462.6172410814994,462.5043214890628
1.740000000000001,-0.163986354941,0.450378379833,14.0583597178,0.113283956391,0.0504265461595,0.0,-0.363972253235,0.952294950172,4.43327385697,0.0828165336715,0.0326226545975,0.0,407.6318811386512,407.836584339266,404.8327314146694,406.43109821906677
1.8000000000000012,-0.18699041499,0.510119633627,14.3294689005,0.118352279168,0.0521263545749,0.0,-0.403002260078,1.03955077408,4.60289545928,0.0875910253384,0.0179533188935,0.0,479.2453823259594,478.12913468475534,478.353331007394,478.72208356920265
1.8600000000000012,-0.212158966049,0.574727541352,14.6067047853,0.124065181216,0.0528967000089,0.0,-0.436029162066,1.11452258177,4.63803690936,0.107236924649,-0.000107474200842,0.0,440.1934769258917,438.6960862941766,437.5671457871094,439.20745998826004
1.9200000000000013,-0.239552103715,0.644489345874,14.8903800104,0.130386776059,0.0527726634595,0.0,-0.477027197826,1.21148372303,4.81689754074,0.10131717628,-0.00630755130005,0.0,482.998774649802,482.5309460407586,484.4488240286374,484.0121462784635
1.9800000000000013,-0.269172896533,0.719643382249,15.1804757903,0.136593672913,0.0524942566611,0.0,-0.510293197648,1.29417908062,4.85266702184,0.107398903594,-0.00149784921543,0.0,441.2027985557056,441.59986008283295,441.58264742746,442.09347855642426
2.0400000000000014,-0.300597349962,0.799381823948,15.469145038,0.143768618824,0.0524993527092,0.0,-0.537203870666,1.36431300366,4.76985789065,0.13675113457,0.00307638490379,0.0,402.7993255693361,403.21285052683055,400.70982799740926,403.38367453407983
2.1000000000000014,-0.334013796355,0.884471701246,15.7598877494,0.152150031139,0.0532865559637,0.0,-0.576700601443,1.47280305017,4.92068417903,0.144995619739,0.0280217515978,0.0,476.51192423122507,478.41519791262095,476.9411009881302,477.5870342052473
2.1600000000000015,-0.369736942845,0.976005378691,16.0580328366,0.160589834482,0.0557574937509,0.0,-0.614265666496,1.57909230124,5.016805393,0.130181492252,0.0593299070488,0.0,461.6975061107513,464.16213397459984,462.98567208279667,461.835923959397
2.2200000000000015,-0.40803148254,1.07482490691,16.3664523717,0.168544418784,0.0589824407633,0.0,-0.662577184394,1.71563935167,5.26240517347,0.136976571768,0.0392235639886,0.0,508.71669000424225,507.27621330270495,507.4125566738184,507.91392582190485
2.2800000000000016,-0.449078308058,1.18139935115,16.6858716942,0.177015372533,0.0614246590635,0.0,-0.705865522434,1.83757678181,5.38402072935,0.148482454073,0.0435099254282,0.0,474.0239380439389,474.3540105224445,474.79401930855926,475.69310607929714
2.3400000000000016,-0.492902456912,1.29582936333,17.0145495838,0.18560882422,0.0638815636058,0.0,-0.75517011438,1.97754628165,5.57062721863,0.129819713795,0.0352595804448,0.0,495.91753405836704,495.31174207487555,496.31481217685,494.9595810093169
2.4000000000000017,-0.539603334817,1.41844746904,17.3522685445,0.193065342953,0.0663151366095,0.0,-0.80172264067,2.11035173786,5.68575243716,0.109889761111,0.0494734352886,0.0,476.2546826078097,477.34150579985265,478.20046972941986,476.692277378003
2.4600000000000017,-0.588769692124,1.54807461589,17.691239796,0.199236700909,0.0693053659888,0.0,-0.837406059832,2.21105584748,5.61339587617,0.082594475215,0.0505546025754,0.0,419.7677368312753,419.8632842278315,419.5819516244921,417.2145409641008
2.520000000000002,-0.640346950866,1.68445782663,18.0289553136,0.204380100555,0.0718838589803,0.0,-0.88208572169,2.33540742489,5.64335467561,0.0913398038156,0.0200833366876,0.0,453.40176071387737,450.9474204387682,452.5709837794927,453.28033987455103
2.580000000000002,-0.694744887555,1.82866403408,18.3697578655,0.209687558892,0.0729282022066,0.0,-0.931256248171,2.47183543895,5.71605241313,0.0819652660612,0.011426267745,0.0,467.604487301472,466.92938931930934,466.7418710804772,466.01559683231034
2.640000000000002,-0.752030457225,1.9809118218,18.713783807,0.214608991471,0.0739493122357,0.0,-0.97832388522,2.60341802698,5.75100764284,0.08214076597,0.0263471886025,0.0,456.4712007748247,457.6605185484423,455.8410878776577,455.8603844502841
2.700000000000002,-0.812113891272,2.14099295861,19.0592303669,0.219335535755,0.0756242032957,0.0,-1.02459188066,2.73293946045,5.76351390974,0.0710194662189,0.0308785997334,0.0,450.0876929717806,450.45455048067146,450.85322932685716,449.9584216699841
2.760000000000002,-0.874863770153,2.30850825729,19.4035778302,0.224110276204,0.0775028878553,0.0,-1.06723514494,2.85122350577,5.71471296338,0.092753070398,0.0321631190146,0.0,431.58626162838027,431.69506239058336,429.5468109756229,431.3915077045849
2.820000000000002,-0.940513038037,2.48407067544,19.748826533,0.229776855846,0.0794996934454,0.0,-1.12122692025,3.00119993863,5.79278619493,0.0976228096059,0.0354249482594,0.0,471.07501428149067,471.32758988928913,472.1217077116917,472.5043377158433
2.880000000000002,-1.00937714426,2.66854033201,20.0979084694,0.236003388669,0.0813578716406,0.0,-1.17440268754,3.14817390016,5.84261198245,0.113871859432,0.0201049168147,0.0,465.05342537865727,463.8518968297536,464.27518050281714,465.55732169677754
2.940000000000002,-1.081210607,2.86120126528,20.4469045015,0.242497868083,0.082623963206,0.0,-1.2201593467,3.27433236188,5.79049593848,0.0935506764273,0.023023572007,0.0,432.9749805800393,433.2205289328669,434.2023554376625,432.50419491735346
3.000000000000002,-1.15603333364,3.06215863574,20.7953260991,0.24795271746,0.0839196888159,0.0,-1.27402974512,3.42456717948,5.82298191781,0.0850418167237,0.0185744630315,0.0,461.9037338825824,461.5526416703239,460.3848574614882,459.7175714761008
3.0600000000000023,-1.23376502489,3.2711937131,21.1416569403,0.253426919366,0.0846231601227,0.0,-1.31713679796,3.54364766969,5.72159848267,0.101391149165,-0.00775041649818,0.0,418.9465748616192,416.65070150307787,417.1396714759729,418.57276562006206
3.1200000000000023,-1.31442035324,3.48841531551,21.48563825,0.259192396669,0.0838925403562,0.0,-1.37129943343,3.69741989717,5.74391186416,0.0825394602185,-0.022956971517,0.0,459.2834679822733,458.07564759295116,459.05926787588743,457.5680090012854
3.1800000000000024,-1.39844438667,3.71535389826,21.8324629256,0.263695215389,0.0826366187838,0.0,-1.42932611793,3.86738796228,5.81611213529,0.0526063447666,-0.017162296545,0.0,473.42711286086205,473.8728947719824,477.7983793333153,475.51409764908914
3.2400000000000024,-1.4856954542,3.95181386649,22.1808702919,0.267348291592,0.0818804235221,0.0,-1.47896985277,4.01474621895,5.79724789537,0.0737200650237,-0.00476592470921,0.0,447.8488225431855,448.8563358987608,446.7194248380256,448.4407282300842
3.3000000000000025,-1.57574009542,4.19658521825,22.5260452576,0.2717410785,0.0817326070431,0.0,-1.52253783264,4.14457356966,5.70873879147,0.0721800266949,0.0017838324918,0.0,424.81877770227874,425.38022951201265,425.33733544639796,425.2098118449149
3.3600000000000025,-1.66893633329,4.45094678327,22.8721874059,0.276156511139,0.0814047409293,0.0,-1.58392941584,4.33419745122,5.8282065841,0.0762706262049,-0.0267431291276,0.0,492.20841236026246,490.09228598506184,491.33376983024533,491.6406512220114
3.4200000000000026,-1.76561447083,4.7161124663,23.2232131772,0.280388491946,0.0798470234993,0.0,-1.63849521237,4.50478421192,5.87198612048,0.0554538442076,-0.0244438718016,0.0,470.60499213393274,470.7828834178135,471.17101252197375,469.56188841094604
3.4800000000000026,-1.86544350387,4.99122471287,23.5756747287,0.284589209002,0.0785342832611,0.0,-1.68900739203,4.66572653355,5.87632278238,0.0894727869182,-0.0171884267857,0.0,459.34092444113674,459.9160834958272,457.90589351018855,460.6081197576947
3.5400000000000027,-1.9683096915,5.2761355934,23.9286823658,0.290122162313,0.0773793957546,0.0,-1.73975101728,4.83152621111,5.89004407912,0.0972006946464,-0.0237230380215,0.0,463.4100117221532,462.89599094686224,463.3289358964834,463.9430077232836
3.6000000000000028,-2.07397266245,5.57021551629,24.2796434132,0.295881768544,0.0760306730392,0.0,-1.78227508597,4.97147583666,5.80869529709,0.0934644948007,-0.0200997222656,0.0,433.6334216600969,433.9377326985031,433.1736995862088,432.86742151546486
3.660000000000003,-2.18230945817,5.87328268008,24.6274431869,0.301420632968,0.0748937074503,0.0,-1.82885571076,5.13100991568,5.78429379221,0.0899107087282,-0.0167429008503,0.0,451.83181212046196,452.10248814539204,452.76122228320816,452.48214267321566
3.720000000000003,-2.29365431936,6.18689057765,24.9766630611,0.306567925608,0.07362502918,0.0,-1.88248477422,5.32268134343,5.85540430643,0.0759176563409,-0.0318487207387,0.0,484.59329637531226,483.4561972073325,482.8509514456787,481.7992458103738
3.780000000000003,-2.40765829265,6.50986194392,25.3231887587,0.311040096002,0.0716340501582,0.0,-1.91759637892,5.44334595008,5.69603843843,0.0716210084183,-0.0359941444629,0.0,409.4053491847738,409.035685442392,408.49290752605947,408.1143310714846
3.840000000000003,-2.52448084767,6.84324574009,25.6699209574,0.315144434751,0.069077893087,0.0,-1.97614476336,5.66927274219,5.86017493052,0.0610466529643,-0.0610437341342,0.0,512.7694318444425,510.9855443121919,511.8469482494726,511.0965058640207
3.900000000000003,-2.6441021856,7.1872734946,26.0174116082,0.318976973361,0.0652098267404,0.0,-2.01104743583,5.79854564518,5.72334220108,0.0690035027993,-0.0723838173855,0.0,418.91701654465425,417.9260667529053,418.9990606620038,419.69369024056255
3.960000000000003,-2.76603613542,7.54036789628,26.3606045098,0.322948307372,0.0612644445842,0.0,-2.05306610247,5.97131006213,5.7160423312,0.0598670608789,-0.0550197939233,0.0,460.9287234917153,462.29619214804677,461.76317307666824,461.04472527115314
4.020000000000002,-2.89037938072,7.90358470746,26.7025461801,0.32629132778,0.0583960896199,0.0,-2.09147341382,6.13593500333,5.68182245348,0.0457628805203,-0.0363020129894,0.0,451.7329953462142,453.23883782738574,455.20381425664885,454.07541197021
4.080000000000001,-3.01698113516,8.27664834476,27.0423151575,0.328874147188,0.0568162510753,0.0,-2.12845266952,6.29945897887,5.64366736661,0.0369730373934,-0.0115117471041,0.0,451.893366031182,453.8876369143665,452.7819454810181,452.07501115114457
4.14,-3.14567354346,8.65888493713,27.3779466035,0.330762911213,0.0559272864154,0.0,-2.1612778579,6.44175399092,5.54432704767,0.0172541818012,-0.0224151378198,0.0,433.09869547083275,432.18046451127714,432.9322088510315,431.26971491420875
4.199999999999998,-3.27641478537,9.05015013087,27.7091315678,0.331604260761,0.054733280833,0.0,-2.19668628918,6.6002159374,5.49518937686,0.00661625272452,-0.015293092137,0.0,448.09590211670957,448.674697298778,449.34735500182285,448.48378785208877
4.259999999999997,-3.40920094119,9.45048247499,28.0362260073,0.332322018674,0.0538222824748,0.0,-2.22948975885,6.74403489841,5.40824404482,0.0209444986527,-0.0149646416215,0.0,435.71946670739294,435.74703163375773,435.34535588453497,436.5428663609546
4.319999999999996,-3.54389069904,9.85905854882,28.3571254901,0.333326787624,0.0529324074835,0.0,-2.26015692919,6.87511186001,5.28887532733,0.00664628634093,-0.0145658024558,0.0,424.01818381397504,424.05255225148466,424.54512971957826,423.31608202833985
4.379999999999995,-3.68065731024,10.2769641517,28.6752379391,0.333502932616,0.0520301366019,0.0,-2.29864784866,7.05463365212,5.31445178659,-0.00577080433046,-0.0159990236391,0.0,471.18862269016955,471.0778985336564,471.7075941418959,470.74742916883037
4.439999999999993,-3.819443496,10.7038229686,28.9898251641,0.333842601148,0.0517025076483,0.0,-2.32757936327,7.17389867039,5.17247089801,0.0220676776728,0.00998892472728,0.0,415.06831478487743,417.3436117204,414.0544071778522,416.49710210406954
4.499999999999992,-3.96013884943,11.1388553975,29.2989914091,0.33465668244,0.0521170873023,0.0,-2.36232531237,7.32694153448,5.1330082643,-0.014692174197,-9.67944318117e-05,0.0,448.94645071334594,448.12702738730786,452.21694234409364,449.24524090821564
4.559999999999991,-4.1027814314,11.5820850985,29.6031325722,0.333507410431,0.05201489022,0.0,-2.3924799394,7.44716557396,5.00567345859,-0.0300418112017,-0.00512741449583,0.0,420.997677088454,420.5620741385449,418.79121083564667,417.4535061125245
4.6199999999999894,-4.24742494882,12.033623953,29.9030747044,0.331706939841,0.0519629770419,0.0,-2.42897507824,7.60357085323,4.99237439921,-0.0299400050718,0.00652775422819,0.0,456.77601135973845,457.7048176079408,456.2326297443761,456.2405023113646
4.679999999999988,-4.39428343632,12.4945610061,30.2025834348,0.329457286961,0.0524715413918,0.0,-2.46636086179,7.76039246367,4.99115766579,-0.0602564610322,0.0121128507176,0.0,460.0719886713859,460.513985618303,462.3281152226212,459.9317921081501
4.739999999999987,-4.54343537044,12.9650017041,30.5026793513,0.325893353032,0.0532074175542,0.0,-2.50544582462,7.92015031218,5.01191750741,-0.0577373790659,0.0125663894992,0.0,467.6535845619384,467.68878931388883,467.89087256121286,468.0847203246767
4.799999999999986,-4.69482185242,13.4441096031,30.8017567859,0.322776680685,0.0541232310257,0.0,-2.54087336435,8.04953419036,4.95767127812,-0.0423386893442,0.0201752422017,0.0,443.55919803213715,444.1837134163277,442.7569309236943,444.02056719532874
4.859999999999984,-4.84852205642,13.9318294671,31.1005199959,0.319666993154,0.0553127525777,0.0,-2.58257865536,8.207019816,5.00078814426,-0.0887246089135,0.0191163028778,0.0,473.54899454278967,473.467448621407,477.18457337819814,473.62718970216
4.919999999999983,-5.00460256555,14.4280024356,31.3993354388,0.314766233518,0.0570888403191,0.0,-2.62026460651,8.33131362758,4.96010579797,-0.0703960528666,0.0449903132095,0.0,447.16481345739027,449.26846992444126,446.98459720208086,448.4707197256868
4.979999999999982,-5.16284594904,14.9307429229,31.693498578,0.310263009942,0.0596565717873,0.0,-2.65475838992,8.42620394552,4.84611551939,-0.0865327411738,0.038000092839,0.0,423.0102227097977,422.4087511134791,422.4736957436216,421.07471124178477
5.0399999999999805,-5.32317776015,15.4389231665,31.9805228431,0.305299993898,0.0618743863231,0.0,-2.68986026749,8.51261783338,4.72225466793,-0.0760122120399,0.0348060288859,0.0,416.7932497935533,416.5146424793272,416.623723461931,417.536741013592
